Webots Project File version R2023b
perspectives: 000000ff00000000fd00000002000000010000011c00000466fc0200000001fb0000001400540065007800740045006400690074006f00720100000016000004660000003f00ffffff00000003000009b8000000d9fc0100000001fb0000001a0043006f006e0073006f006c00650041006c006c0041006c006c0100000000000009b80000000000000000000008960000046600000001000000020000000100000008fc00000000
simulationViewPerspectives: 000000ff0000000100000002000001b1000006e70100000002010000000100
sceneTreePerspectives: 000000ff00000001000000030000001c0000041c000000fa0100000002010000000200
maximizedDockId: -1
centralWidgetVisible: 1
orthographicViewHeight: 1
textFiles: -1
renderingDevicePerspectives: mirror:camera;0;1;0;0
renderingDevicePerspectives: mirror:display;0;1;0.207305;0.170253
